c_i =  [0.81254387]
s_i =  [0.70643115]
c_f =  [0.84361887]
s_f =  [0.64854246]
